(43.64247239, -116.2106916)
(43.64247129, -116.21069116)
(43.64247365, -116.21069134)
(43.64247573, -116.21069348)
(43.64247666, -116.21069484)
(43.64247659, -116.21069469)
(43.64247658, -116.21069465)
(43.6424769, -116.21069303)
(43.6424769, -116.210693)
(43.64247689, -116.21069296)
(43.64247688, -116.21069294)
(43.64247704, -116.21069364)
(43.64247527, -116.21068996)
(43.64247548, -116.21068984)
(43.64247461, -116.21068887)
(43.64247549, -116.21068892)
(43.64247518, -116.21068401)
(43.64247426, -116.21068144)
(43.64247488, -116.21068108)
(43.64247258, -116.21067897)
(43.64249299, -116.21067728)
(43.64246283, -116.21068961)
(43.64246085, -116.21068566)
(43.64245158, -116.21065718)
(43.64244665, -116.2106124)
(43.64256245, -116.21059746)
(43.64261888, -116.21056414)
(43.64266879, -116.21064147)
(43.6427131, -116.21068257)
(43.6427626, -116.21075437)
(43.64281457, -116.21082176)
(43.64301625, -116.21112459)
(43.64308184, -116.21121042)
(43.64315373, -116.21129407)
(43.64321105, -116.21138483)
(43.64323372, -116.21149866)
(43.64326782, -116.21162027)
(43.64331782, -116.21176898)
(43.64340327, -116.21202745)
(43.6434981, -116.21209301)
(43.64358489, -116.2121332)
(43.64368908, -116.21218312)
(43.64377876, -116.21225788)
(43.64385678, -116.21234302)
(43.64392571, -116.21246289)
(43.64400429, -116.21257882)
(43.64409973, -116.21267793)
(43.64417388, -116.21277539)
(43.64424769, -116.21286365)
(43.64430533, -116.21291582)
(43.64426647, -116.21302901)
(43.64417557, -116.21312172)
(43.64408264, -116.21319048)
(43.64398626, -116.21324343)
(43.64388499, -116.21326009)
(43.64375347, -116.2132404)
(43.64363584, -116.21317979)
(43.64353786, -116.2131029)
(43.64344941, -116.21305017)
(43.64339242, -116.213064)
(43.64334928, -116.21313067)
(43.64334853, -116.21324245)
(43.64336273, -116.21337295)
(43.6433739, -116.21358559)
(43.64338893, -116.21372414)
(43.64339831, -116.21379874)
(43.64342348, -116.21392501)
(43.64343518, -116.21401325)
(43.64344327, -116.21414164)
(43.64344078, -116.21421931)
(43.6434067, -116.2143032)
(43.64336765, -116.21436699)
(43.64330231, -116.21439874)
(43.643232, -116.21447065)
(43.64316001, -116.2145572)
(43.64306109, -116.21461882)
(43.64298173, -116.21458546)
(43.64289079, -116.214519)
(43.64278587, -116.214502)
(43.64269926, -116.21449322)
(43.64263132, -116.21449269)
(43.64252604, -116.21449006)
(43.64243447, -116.21448801)
(43.6423412, -116.21449835)
(43.6422562, -116.21449507)
(43.64218632, -116.21445814)
(43.6420961, -116.21445779)
(43.64199399, -116.21448213)
(43.64189953, -116.21449385)
(43.6418143, -116.21448822)
(43.64172001, -116.21449002)
(43.64162969, -116.2144887)
(43.64158156, -116.21447625)
(43.64152878, -116.21447513)
(43.64145312, -116.21447383)
(43.64139682, -116.21452853)
(43.64133698, -116.21459707)
(43.64123539, -116.21456685)
(43.64111019, -116.21453772)
(43.64100647, -116.21451819)
(43.64089804, -116.21449468)
(43.64081805, -116.21445596)
(43.64076864, -116.21437633)
(43.64074178, -116.21427168)
(43.64071965, -116.21416173)
(43.64072731, -116.21403529)
(43.64074025, -116.21392623)
(43.6407502, -116.2138348)
(43.64075935, -116.21373341)
(43.64076504, -116.21362686)
(43.64075795, -116.21350326)
(43.64072075, -116.21341921)
(43.64064189, -116.21337803)
(43.64053279, -116.2133335)
(43.64043822, -116.21331514)
(43.64036304, -116.21331664)
(43.64026126, -116.21332297)
(43.64017571, -116.21330447)
(43.64016386, -116.21329994)
(43.64016317, -116.21329503)
(43.64016989, -116.21327794)
(43.64017045, -116.21327314)
(43.64017046, -116.21327207)
(43.64017664, -116.21327297)
(43.64017477, -116.21327183)
(43.64017255, -116.21327074)
(43.64014379, -116.21310293)
(43.64013116, -116.2129131)
(43.64012894, -116.21276111)
(43.64011891, -116.21259339)
(43.64011323, -116.21242948)
(43.64010882, -116.21228802)
(43.64010207, -116.21217033)
(43.64010652, -116.212063)
(43.64012753, -116.21197817)
(43.6401454, -116.21187745)
(43.64015746, -116.21172259)
(43.64015574, -116.21160419)
(43.64014379, -116.2115091)
(43.64012364, -116.21137681)
(43.64009816, -116.21125537)
(43.64007832, -116.21114894)
(43.64007925, -116.21107431)
(43.64009534, -116.21099371)
(43.64006876, -116.2108765)
(43.64006264, -116.21076677)
(43.64007642, -116.21065396)
(43.64007096, -116.21053398)
(43.64005996, -116.21041373)
(43.64008781, -116.21033301)
(43.64010825, -116.21022898)
(43.64009997, -116.21008732)
(43.6401002, -116.21000153)
(43.64010587, -116.20993686)
(43.64009716, -116.20982642)
(43.64009985, -116.20971348)
(43.64010458, -116.20960136)
(43.64011935, -116.20948354)
(43.64012269, -116.2093565)
(43.64012134, -116.20922863)
(43.64012021, -116.20911158)
(43.64012323, -116.20899309)
(43.6401214, -116.20887714)
(43.6400976, -116.20875393)
(43.64008549, -116.20863714)
(43.64009362, -116.20852141)
(43.64012642, -116.20844902)
(43.64016802, -116.20839971)
(43.64017382, -116.20836004)
(43.64012883, -116.20825822)
(43.64008093, -116.208154)
(43.64003657, -116.20806508)
(43.63999524, -116.20800916)
(43.63996095, -116.20790051)
(43.63993647, -116.20776908)
(43.63992424, -116.20769822)
(43.63989296, -116.20763009)
(43.63982413, -116.20755722)
(43.63976281, -116.20746338)
(43.63969445, -116.20735255)
(43.63964265, -116.20725396)
(43.63960838, -116.20718313)
(43.63957233, -116.2070861)
(43.63953263, -116.20697659)
(43.6394717, -116.20686364)
(43.63942046, -116.20675911)
(43.63939272, -116.20665834)
(43.63933612, -116.20656309)
(43.63924932, -116.20646149)
(43.63922671, -116.20638372)
(43.63918866, -116.2063)
(43.63912154, -116.20621274)
(43.63905471, -116.2061093)
(43.63899521, -116.20602905)
(43.63894311, -116.20598803)
(43.63886739, -116.20597512)
(43.63878861, -116.20597793)
(43.63874079, -116.20595414)
(43.63874512, -116.20581651)
(43.6387679, -116.20567926)
(43.63874505, -116.20565142)
(43.63865485, -116.20562747)
(43.63860594, -116.20562281)
(43.63851348, -116.20554619)
(43.63841791, -116.20547892)
(43.63840158, -116.2054337)
(43.63838107, -116.20539963)
(43.63835749, -116.20536861)
(43.63831947, -116.20532319)
(43.63828238, -116.2052835)
(43.63824951, -116.20525413)
(43.63821778, -116.20522514)
(43.6381918, -116.20519682)
(43.638147, -116.20515938)
(43.63810562, -116.20511539)
(43.63806323, -116.20505461)
(43.63798177, -116.20499327)
(43.6378614, -116.20490328)
(43.63775671, -116.20480928)
(43.63766352, -116.20473505)
(43.63760247, -116.20468729)
(43.63755593, -116.204664)
(43.63746654, -116.20464768)
(43.63737609, -116.20459943)
(43.63732411, -116.20450221)
(43.63724369, -116.20439007)
(43.63716618, -116.20428032)
(43.63712866, -116.20421561)
(43.63709133, -116.20415399)
(43.6370202, -116.20408407)
(43.63693264, -116.20399889)
(43.63684904, -116.20390942)
(43.63675904, -116.20379214)
(43.63669061, -116.20368838)
(43.63663272, -116.20362379)
(43.63655399, -116.20353696)
(43.63647592, -116.20345314)
(43.63640042, -116.2033598)
(43.63632103, -116.20331385)
(43.63623152, -116.20335816)
(43.63611923, -116.20337952)
(43.6360007, -116.20336276)
(43.63599047, -116.20341527)
(43.63594206, -116.20344916)
(43.63585673, -116.20347133)
(43.63579016, -116.20348026)
(43.63573046, -116.20348345)
(43.63563778, -116.20346177)
(43.63554467, -116.20347314)
(43.63545638, -116.20347776)
(43.63536288, -116.20346725)
(43.63531345, -116.20347626)
(43.63525304, -116.203489)
(43.6351884, -116.20349857)
(43.63509067, -116.20350709)
(43.63499468, -116.2035247)
(43.63490919, -116.20353976)
(43.63481292, -116.20351314)
(43.63470592, -116.20350505)
(43.63462184, -116.20349811)
(43.63453368, -116.2034936)
(43.63446256, -116.20349467)
(43.63438043, -116.2035028)
(43.63430823, -116.20349563)
(43.63423566, -116.20348607)
(43.63416417, -116.20347215)
(43.63410563, -116.20343265)
(43.63402284, -116.20342646)
(43.63393151, -116.20345651)
(43.63384738, -116.20347609)
(43.63375781, -116.20349173)
(43.6336568, -116.20348148)
(43.63356939, -116.20344984)
(43.6334722, -116.20343596)
(43.63337869, -116.20343978)
(43.63330017, -116.20346465)
(43.63320021, -116.20348874)
(43.63304638, -116.20346641)
(43.63295563, -116.20346309)
(43.63287076, -116.20346437)
(43.63278119, -116.20346047)
(43.63269525, -116.20346658)
(43.63260252, -116.20348717)
(43.63252973, -116.20347961)
(43.63245924, -116.20345728)
(43.6323525, -116.20346378)
(43.63227662, -116.20345445)
(43.63220316, -116.2034426)
(43.63211702, -116.20344927)
(43.63204081, -116.20345194)
(43.63194971, -116.20346702)
(43.63185622, -116.20346597)
(43.63177112, -116.20345591)
(43.63168977, -116.20345772)
(43.63164108, -116.20346617)
(43.63156136, -116.20347608)
(43.63149457, -116.20348213)
(43.63139882, -116.20348075)
(43.63131344, -116.20348505)
(43.63123628, -116.20349342)
(43.63116944, -116.20349735)
(43.63110319, -116.2035076)
(43.63106026, -116.20353986)
(43.63098061, -116.20355593)
(43.63089002, -116.20354138)
(43.63082136, -116.20350591)
(43.63074561, -116.20349363)
(43.63065562, -116.20349661)
(43.63058693, -116.20352716)
(43.63052083, -116.20353311)
(43.63043195, -116.20352509)
(43.63030244, -116.20349357)
(43.63015079, -116.2034455)
(43.63013311, -116.20344182)
(43.63009713, -116.20342843)
(43.629998, -116.20340587)
(43.62992986, -116.20343626)
(43.62985433, -116.20346581)
(43.62978799, -116.20346775)
(43.62972863, -116.20346635)
(43.62964218, -116.20343989)
(43.62957058, -116.2034153)
(43.62951232, -116.20339521)
(43.62937714, -116.20343531)
(43.62928475, -116.20346267)
(43.62920954, -116.20346459)
(43.62912271, -116.20347435)
(43.62905332, -116.20348491)
(43.6289599, -116.20348344)
(43.62887474, -116.20348227)
(43.62878823, -116.20348454)
(43.62868737, -116.20347948)
(43.6285977, -116.20347147)
(43.62850914, -116.20346246)
(43.62848071, -116.20348253)
(43.62842658, -116.20349591)
(43.62831498, -116.2034792)
(43.62826538, -116.20344567)
(43.62825928, -116.20337409)
(43.62815135, -116.20331645)
(43.62805551, -116.20330826)
(43.62798904, -116.20331582)
(43.62790825, -116.20330927)
(43.62782628, -116.20329834)
(43.62770973, -116.20329342)
(43.62761388, -116.20330055)
(43.62751522, -116.20329752)
(43.62741696, -116.20329744)
(43.62733343, -116.20330385)
(43.62725045, -116.20328467)
(43.62716488, -116.20328778)
(43.62707646, -116.20330725)
(43.62699794, -116.2033118)
(43.62691935, -116.20330042)
(43.62683005, -116.2032796)
(43.62673123, -116.20328464)
(43.62665022, -116.20329578)
(43.62656539, -116.20330259)
(43.62648512, -116.2033108)
(43.62641887, -116.20330972)
(43.62634527, -116.20330875)
(43.6262695, -116.20329224)
(43.62616809, -116.20329346)
(43.62606801, -116.20331134)
(43.62599519, -116.20331019)
(43.62589988, -116.20331616)
(43.62581134, -116.20330081)
(43.62573768, -116.20329226)
(43.62568081, -116.20333771)
(43.62562866, -116.20331554)
(43.62558737, -116.20324848)
(43.62549982, -116.20325342)
(43.62538734, -116.20326217)
(43.62528246, -116.20326812)
(43.6251817, -116.20327348)
(43.62508254, -116.20329049)
(43.62498768, -116.20330804)
(43.62489736, -116.20331889)
(43.6248231, -116.20333791)
(43.62473895, -116.20336232)
(43.62465944, -116.20340988)
(43.62461484, -116.20345241)
(43.62456629, -116.20351277)
(43.6245111, -116.20354945)
(43.62442181, -116.20363223)
(43.6243434, -116.2037344)
(43.62426116, -116.20382302)
(43.62418042, -116.2038944)
(43.62410738, -116.20394395)
(43.62404175, -116.20399608)
(43.62398223, -116.20403749)
(43.6239463, -116.20407313)
(43.62393409, -116.20413929)
(43.62393572, -116.20415311)
(43.6239276, -116.20415711)
(43.62390088, -116.20419587)
(43.6238198, -116.2043091)
(43.62373666, -116.20440976)
(43.62364864, -116.20450097)
(43.62358503, -116.20452394)
(43.62353329, -116.20455035)
(43.62350329, -116.20458402)
(43.62340114, -116.20464279)
(43.62328072, -116.20467437)
(43.62319875, -116.20479115)
(43.62316084, -116.2048804)
(43.62309986, -116.20496074)
(43.62304266, -116.20504766)
(43.62296765, -116.20513588)
(43.62289338, -116.20521344)
(43.62282922, -116.20525131)
(43.62276613, -116.20529751)
(43.62270276, -116.20538111)
(43.6226066, -116.2054374)
(43.6224925, -116.20546631)
(43.62245992, -116.20553938)
(43.62241495, -116.20556136)
(43.6223794, -116.20548034)
(43.62233196, -116.20538895)
(43.62229203, -116.20532738)
(43.62224137, -116.20524195)
(43.62218097, -116.20514543)
(43.6221479, -116.20503206)
(43.62209699, -116.204926)
(43.6220243, -116.20482031)
(43.62196355, -116.20472165)
(43.62190849, -116.20462899)
(43.62184984, -116.20451149)
(43.62179017, -116.20440848)
(43.62174498, -116.2043188)
(43.62171142, -116.20425673)
(43.62168004, -116.20421026)
(43.62160126, -116.20407315)
(43.62154974, -116.20395644)
(43.62153727, -116.20383647)
(43.62145352, -116.20366652)
(43.62140111, -116.20357004)
(43.6213516, -116.20347216)
(43.62130559, -116.20337908)
(43.62127201, -116.20327868)
(43.62123855, -116.20316465)
(43.6211834, -116.20303965)
(43.62111712, -116.20292642)
(43.62104178, -116.2028301)
(43.62094602, -116.20273606)
(43.62087686, -116.20264554)
(43.62082102, -116.20254841)
(43.62077084, -116.2024471)
(43.6207324, -116.20235106)
(43.62068604, -116.20221015)
(43.6206438, -116.20207804)
(43.62059031, -116.20195144)
(43.62059012, -116.20188657)
(43.62061499, -116.20183386)
(43.62062905, -116.20177555)
(43.62060651, -116.20179249)
(43.62057813, -116.20180879)
(43.62052602, -116.20182703)
(43.62044658, -116.20180337)
(43.62036894, -116.20176701)
(43.62035471, -116.20168413)
(43.62034758, -116.20158292)
(43.62029002, -116.20147685)
(43.62020814, -116.2013779)
(43.62013828, -116.20128914)
(43.62007543, -116.20122226)
(43.620035, -116.20119143)
(43.62000685, -116.20115354)
(43.61998421, -116.20110183)
(43.61995556, -116.20103174)
(43.6199161, -116.20095999)
(43.61987021, -116.20088577)
(43.61983246, -116.2008127)
(43.61978115, -116.20072367)
(43.61973099, -116.20064587)
(43.61967423, -116.20054734)
(43.61961768, -116.20044503)
(43.61956432, -116.20033143)
(43.61951492, -116.20022913)
(43.61947051, -116.20013564)
(43.61942934, -116.20004336)
(43.61940897, -116.19998682)
(43.61940132, -116.19995365)
(43.61936606, -116.19988012)
(43.61931002, -116.19975562)
(43.61925487, -116.19966004)
(43.61921331, -116.19958924)
(43.61917726, -116.19952521)
(43.61911629, -116.19941825)
(43.61907306, -116.19932029)
(43.61906312, -116.19926566)
(43.61904828, -116.19919809)
(43.61903114, -116.19912424)
(43.61896223, -116.19900755)
(43.61890154, -116.19888072)
(43.61885122, -116.19883007)
(43.61875821, -116.19887718)
(43.61867974, -116.19892023)
(43.6186089, -116.19898068)
(43.61853826, -116.19905345)
(43.61847688, -116.19912614)
(43.61843008, -116.19919703)
(43.61834088, -116.19922286)
(43.61824607, -116.19927365)
(43.61818387, -116.19932337)
(43.61816578, -116.19936522)
(43.61813384, -116.19938977)
(43.61810579, -116.19939447)
(43.6180514, -116.19931373)
(43.61799531, -116.19924936)
(43.61793602, -116.19917868)
(43.61788644, -116.19911583)
(43.61783129, -116.19903128)
(43.61778026, -116.19895329)
(43.6177396, -116.19889387)
(43.61771437, -116.19880867)
(43.61771024, -116.19872449)
(43.61765714, -116.19863308)
(43.6176038, -116.19855301)
(43.61755597, -116.19851128)
(43.61747714, -116.19848215)
(43.61739846, -116.1984795)
(43.61734445, -116.19853927)
(43.61732011, -116.19859443)
(43.61732317, -116.19860163)
(43.61728381, -116.19863531)
(43.61722196, -116.19869497)
(43.6171956, -116.19872185)
(43.61717729, -116.19876114)
(43.61712943, -116.19879588)
(43.61705833, -116.19882662)
(43.61699195, -116.19887165)
(43.61693347, -116.19890356)
(43.61690643, -116.19900648)
(43.61691104, -116.19911633)
(43.61696084, -116.19920129)
(43.61702025, -116.19932096)
(43.61706972, -116.19945107)
(43.61715457, -116.19954208)
(43.61721873, -116.19963336)
(43.61727265, -116.19973593)
(43.61732511, -116.19982767)
(43.61738897, -116.19989707)
(43.61746255, -116.19993784)
(43.61755357, -116.19991319)
(43.61757538, -116.19992916)
(43.61755737, -116.19991383)
(43.61755424, -116.1998862)
(43.61758704, -116.19991121)
(43.61760739, -116.19993137)
(43.61762098, -116.19996961)
(43.61763276, -116.19999149)
(43.6176318, -116.1999962)
(43.61762022, -116.19998594)
(43.617629, -116.19997134)
(43.61763181, -116.19996727)
(43.61763139, -116.19995309)
(43.61763335, -116.19994941)
(43.61763953, -116.19994805)
(43.61764079, -116.19994825)
(43.61764495, -116.19993927)
(43.61764617, -116.19993408)
(43.61764686, -116.19993039)
(43.6176462, -116.19993307)
(43.617646, -116.19993392)
(43.61764555, -116.19992957)
(43.61764207, -116.19992892)
(43.61763908, -116.19992876)
(43.61763974, -116.19992984)
(43.61764001, -116.19993017)
(43.6176391, -116.19993214)
(43.61763643, -116.1999381)
(43.61761398, -116.19995975)
(43.61757557, -116.20004013)
(43.61755925, -116.20016732)
(43.61758775, -116.20027459)
(43.61763994, -116.20038809)
(43.61768691, -116.20053515)
(43.61773358, -116.20066797)
(43.617788, -116.20077957)
(43.61786031, -116.20088918)
(43.61792691, -116.20099285)
(43.61799105, -116.20111347)
(43.61803661, -116.20118144)
(43.61805906, -116.20115005)
(43.61800583, -116.20082534)
(43.61800785, -116.2006954)
(43.61803526, -116.20061258)
(43.61806229, -116.20052263)
(43.61804856, -116.20040093)
(43.61805558, -116.20033408)
(43.61805474, -116.20030411)
(43.61811323, -116.20031808)
(43.61815756, -116.20032474)
(43.61819718, -116.20031315)
(43.61828359, -116.20028188)
(43.61837447, -116.20025651)
(43.61845903, -116.20036898)
(43.61853366, -116.20048874)
(43.61859834, -116.20053351)
(43.61865787, -116.20052546)
(43.61870398, -116.20047671)
(43.61872563, -116.20038954)
(43.61871761, -116.20029608)
(43.6186344, -116.20016757)
(43.61856366, -116.20005758)
(43.61847558, -116.199936)
(43.61841729, -116.19982267)
(43.61837107, -116.19973026)
(43.61832512, -116.19963274)
(43.61825129, -116.19952564)
(43.61818912, -116.19944202)
(43.61812943, -116.19935897)
(43.61823004, -116.19929099)
(43.61835619, -116.19926094)
(43.61845726, -116.19923381)
(43.61852317, -116.19918251)
(43.61858556, -116.19912617)
(43.61865882, -116.19910251)
(43.61870686, -116.19902693)
(43.61877641, -116.19892712)
(43.61884775, -116.19892154)
(43.61889916, -116.19899976)
(43.61888334, -116.19907191)
(43.618873, -116.19915029)
(43.61896516, -116.19925979)
(43.6190528, -116.19936717)
(43.6191226, -116.19946479)
(43.61918535, -116.19957835)
(43.61925388, -116.19969587)
(43.61930342, -116.1997711)
(43.61936072, -116.19984262)
(43.61935787, -116.1998632)
(43.61937271, -116.199917)
(43.61944321, -116.20003016)
(43.61950795, -116.20011994)
(43.61957477, -116.20020981)
(43.61964351, -116.20033685)
(43.61970543, -116.20045864)
(43.61975496, -116.20058012)
(43.61981585, -116.20069889)
(43.61989168, -116.20080523)
(43.61993923, -116.20089611)
(43.6199831, -116.2009997)
(43.62001303, -116.20111268)
(43.62006382, -116.20121839)
(43.62011723, -116.20131229)
(43.62014855, -116.20140305)
(43.62020687, -116.20148605)
(43.62030582, -116.20153981)
(43.62035804, -116.2015366)
(43.62041874, -116.20162194)
(43.62042868, -116.20174601)
(43.62043809, -116.20186465)
(43.62050602, -116.20195201)
(43.62055635, -116.20195861)
(43.62059412, -116.20190674)
(43.62064241, -116.20191273)
(43.62070446, -116.20205428)
(43.62077734, -116.20219429)
(43.62082963, -116.2023179)
(43.62086931, -116.20242937)
(43.62092204, -116.2025682)
(43.62096635, -116.2026624)
(43.62100989, -116.20274118)
(43.62103836, -116.20283321)
(43.62105115, -116.20293216)
(43.62112046, -116.20301253)
(43.62119351, -116.2031247)
(43.62125794, -116.20324446)
(43.62130893, -116.20335508)
(43.62135128, -116.20345976)
(43.62140051, -116.20356834)
(43.62146843, -116.20369302)
(43.62153582, -116.20380226)
(43.62158895, -116.20388072)
(43.62163668, -116.20398513)
(43.62169275, -116.20409405)
(43.62173536, -116.20417854)
(43.62178415, -116.20427906)
(43.62183507, -116.20438214)
(43.62188649, -116.20448459)
(43.62193748, -116.20458095)
(43.62198355, -116.20466692)
(43.62203184, -116.20474999)
(43.62207359, -116.20484557)
(43.6221151, -116.20498647)
(43.62215713, -116.20514472)
(43.62222125, -116.20526879)
(43.62228367, -116.20537371)
(43.62234712, -116.20544246)
(43.6223911, -116.20551732)
(43.62242361, -116.205591)
(43.62248323, -116.20563479)
(43.6225384, -116.205649)
(43.62255867, -116.20568079)
(43.62256259, -116.20570472)
(43.6225647, -116.20572024)
(43.62257992, -116.20571754)
(43.62259073, -116.20575946)
(43.62264304, -116.20583037)
(43.62269239, -116.20586074)
(43.62273261, -116.20586572)
(43.62279721, -116.20571073)
(43.62288327, -116.20553713)
(43.6229564, -116.20541271)
(43.62303256, -116.20531801)
(43.62309386, -116.20524202)
(43.62315778, -116.20517209)
(43.62322254, -116.20511533)
(43.62329885, -116.20506582)
(43.62336361, -116.2050023)
(43.62341325, -116.20492012)
(43.62348515, -116.20484323)
(43.62355301, -116.20477302)
(43.6236295, -116.20472978)
(43.62370658, -116.20465999)
(43.6237692, -116.20459197)
(43.62383106, -116.20453753)
(43.6239032, -116.20447039)
(43.62393654, -116.20442799)
(43.62401705, -116.20432471)
(43.624097, -116.20424508)
(43.62417306, -116.20418532)
(43.62422715, -116.20416466)
(43.62432361, -116.20412336)
(43.62445096, -116.20397848)
(43.62454495, -116.20387062)
(43.62463018, -116.2037852)
(43.62469586, -116.20369453)
(43.62472621, -116.20364691)
(43.62474528, -116.2036154)
(43.62474959, -116.20359531)
(43.62477823, -116.20358203)
(43.62486425, -116.20353494)
(43.62495656, -116.20350004)
(43.62504302, -116.20346872)
(43.62512956, -116.20347178)
(43.62519818, -116.20345018)
(43.62526178, -116.20341097)
(43.62531695, -116.20342255)
(43.62537989, -116.20343678)
(43.62543662, -116.20343843)
(43.62546815, -116.20344561)
(43.62551499, -116.20345131)
(43.62558836, -116.20346411)
(43.62566845, -116.20348297)
(43.62575405, -116.20350444)
(43.62581575, -116.20349467)
(43.6258936, -116.20348647)
(43.62597504, -116.20348384)
(43.62605471, -116.20348242)
(43.62612374, -116.20348156)
(43.6261996, -116.20347416)
(43.62628144, -116.20347663)
(43.62635957, -116.2034746)
(43.62644024, -116.20347478)
(43.62651499, -116.20348623)
(43.62656912, -116.20349472)
(43.62663822, -116.20349512)
(43.62672133, -116.20349745)
(43.62681941, -116.20350464)
(43.62692094, -116.20350231)
(43.6270205, -116.20349121)
(43.62712987, -116.20348599)
(43.62722054, -116.20348845)
(43.62731119, -116.20349119)
(43.62738692, -116.20350732)
(43.62743024, -116.20352788)
(43.62749352, -116.20351572)
(43.62756916, -116.2034987)
(43.62767105, -116.20348579)
(43.62776888, -116.20347262)
(43.62785741, -116.20345084)
(43.62794896, -116.20344625)
(43.62801772, -116.20344723)
(43.62808585, -116.20345532)
(43.62815544, -116.20345853)
(43.62823728, -116.20344938)
(43.62831502, -116.20344948)
(43.62838724, -116.20345984)
(43.6284348, -116.20346905)
(43.62851292, -116.20347373)
(43.62862888, -116.20348011)
(43.62868393, -116.20346081)
(43.62874429, -116.20343994)
(43.62882322, -116.20342107)
(43.62891512, -116.2034421)
(43.62903109, -116.20344906)
(43.62913777, -116.20345792)
(43.62922514, -116.20345341)
(43.62931997, -116.20344157)
(43.62943807, -116.20342589)
(43.62950457, -116.20339652)
(43.62954024, -116.20334943)
(43.62963457, -116.20333312)
(43.62968995, -116.20337732)
(43.62973324, -116.20344149)
(43.62979718, -116.20346653)
(43.62990683, -116.20350092)
(43.6300437, -116.20344123)
(43.63013078, -116.20345501)
(43.63023784, -116.20346307)
(43.63030201, -116.20345091)
(43.63036935, -116.20343007)
(43.63044619, -116.20343354)
(43.63054329, -116.20346963)
(43.63064053, -116.20347736)
(43.63074506, -116.20347985)
(43.63083123, -116.20348601)
(43.6309253, -116.2034745)
(43.63101861, -116.20346673)
(43.63110928, -116.20346142)
(43.63119823, -116.2034658)
(43.63125313, -116.20345082)
(43.63132164, -116.20343436)
(43.63140297, -116.2034369)
(43.63152411, -116.20345593)
(43.63164223, -116.20347178)
(43.63173422, -116.20348722)
(43.63181767, -116.20349727)
(43.63190357, -116.20348197)
(43.63198757, -116.20345054)
(43.63207335, -116.2034186)
(43.63219497, -116.20341415)
(43.63228225, -116.20341755)
(43.6323826, -116.20342369)
(43.63247583, -116.20343259)
(43.63256962, -116.20343092)
(43.63264891, -116.20343464)
(43.63271695, -116.20344942)
(43.63277152, -116.20345139)
(43.63283052, -116.20345334)
(43.63288749, -116.20346801)
(43.63294197, -116.20346801)
(43.63303482, -116.20346066)
(43.633139, -116.20346296)
(43.63322061, -116.20347109)
(43.63329327, -116.20346937)
(43.63338856, -116.20346521)
(43.63347692, -116.20345998)
(43.6335796, -116.20346727)
(43.63368213, -116.20348036)
(43.63377298, -116.20349547)
(43.63383863, -116.20347063)
(43.63392467, -116.20345364)
(43.63400966, -116.20344411)
(43.63407434, -116.2034347)
(43.63415343, -116.20343107)
(43.63424157, -116.20342017)
(43.63431149, -116.20342146)
(43.63436738, -116.20342982)
(43.63440843, -116.20343332)
(43.63447461, -116.20346775)
(43.63458409, -116.20347977)
(43.63470732, -116.20346948)
(43.63481067, -116.20346323)
(43.63490139, -116.20345311)
(43.63500275, -116.20345092)
(43.63509367, -116.20345645)
(43.63517677, -116.20344145)
(43.6352556, -116.20341948)
(43.63535758, -116.20341175)
(43.6354405, -116.2034185)
(43.63550441, -116.20346492)
(43.6355726, -116.2034832)
(43.63563052, -116.20345869)
(43.63571814, -116.20342917)
(43.6358055, -116.2034152)
(43.6358841, -116.20341419)
(43.63597597, -116.20342083)
(43.63606427, -116.2034198)
(43.63617323, -116.20342569)
(43.63626563, -116.20343161)
(43.6363627, -116.20344738)
(43.63644696, -116.2034554)
(43.63651799, -116.20345951)
(43.6365903, -116.20346474)
(43.63667015, -116.20348461)
(43.63674887, -116.20353844)
(43.63682011, -116.20364848)
(43.63691108, -116.20374735)
(43.63699976, -116.20383921)
(43.63704234, -116.203908)
(43.63707786, -116.20400311)
(43.63713031, -116.20409465)
(43.63717403, -116.2041862)
(43.63723998, -116.20426366)
(43.63729729, -116.20431795)
(43.63736013, -116.20438249)
(43.63738038, -116.20441838)
(43.6374125, -116.20447209)
(43.63746066, -116.20457287)
(43.63757686, -116.20466029)
(43.6376491, -116.20472787)
(43.6376965, -116.20479894)
(43.63777265, -116.20487166)
(43.63783837, -116.20493759)
(43.63791183, -116.20499707)
(43.6379591, -116.20505396)
(43.63802221, -116.20509977)
(43.63812584, -116.2051016)
(43.63817086, -116.20512401)
(43.63821702, -116.20521302)
(43.63828489, -116.20530338)
(43.63835951, -116.20539697)
(43.63843153, -116.20546306)
(43.63854427, -116.20556416)
(43.63870472, -116.20572034)
(43.63876471, -116.2058314)
(43.63879088, -116.20592893)
(43.6388518, -116.2059829)
(43.63891668, -116.20600871)
(43.63897509, -116.2060293)
(43.63903249, -116.20608716)
(43.63908175, -116.20618111)
(43.63914332, -116.20624392)
(43.63919372, -116.20631668)
(43.6392401, -116.20640938)
(43.63929305, -116.20652133)
(43.63933311, -116.20662975)
(43.63936647, -116.20673891)
(43.63939833, -116.2067876)
(43.639436, -116.20685359)
(43.63948557, -116.20697668)
(43.63954412, -116.20710076)
(43.63960173, -116.20720843)
(43.63963998, -116.20725743)
(43.63967782, -116.20732053)
(43.63975924, -116.20746665)
(43.63982916, -116.20757678)
(43.63990081, -116.20769944)
(43.63993926, -116.20781097)
(43.63997746, -116.20789973)
(43.64004271, -116.20800545)
(43.6400624, -116.20810773)
(43.64007236, -116.20818278)
(43.64007835, -116.20818285)
(43.64007772, -116.20803921)
(43.64007645, -116.20799535)
(43.64011829, -116.20803978)
(43.64016309, -116.20811024)
(43.64020345, -116.20826247)
(43.6402113, -116.20842995)
(43.64020135, -116.20859371)
(43.64018721, -116.20874509)
(43.64018249, -116.20887315)
(43.64017372, -116.20902993)
(43.64017913, -116.20915451)
(43.64019868, -116.20919046)
(43.64019535, -116.20927556)
(43.64018238, -116.2093848)
(43.64015437, -116.20953296)
(43.64012402, -116.20968634)
(43.64009104, -116.20982357)
(43.64010694, -116.20993586)
(43.64015388, -116.21003328)
(43.64018326, -116.21001118)
(43.64018808, -116.21004225)
(43.64016042, -116.2101348)
(43.64015314, -116.21016657)
(43.64016338, -116.21018262)
(43.64017243, -116.21020731)
(43.64019108, -116.21022825)
(43.64020634, -116.21025124)
(43.64007627, -116.21052958)
(43.64008357, -116.21055859)
(43.64009144, -116.21066911)
(43.64008982, -116.21079605)
(43.64009926, -116.21091875)
(43.64010957, -116.2110189)
(43.64011955, -116.21109844)
(43.64011732, -116.21122484)
(43.64010622, -116.21137192)
(43.64012085, -116.2114638)
(43.64013855, -116.21155493)
(43.64016628, -116.21165706)
(43.64018551, -116.21176765)
(43.64018901, -116.21189022)
(43.64017336, -116.21204209)
(43.64015469, -116.21215771)
(43.64013725, -116.21230569)
(43.64013682, -116.21245247)
(43.64013825, -116.21258518)
(43.640135, -116.21266887)
(43.64012807, -116.21274332)
(43.64012983, -116.21282925)
(43.64014379, -116.21294517)
(43.64015089, -116.21308511)
(43.64014339, -116.21323355)
(43.64016203, -116.21336237)
(43.64021607, -116.21343173)
(43.64027963, -116.2134527)
(43.64036908, -116.21344229)
(43.64045294, -116.21341677)
(43.64056552, -116.21340426)
(43.64067421, -116.2133983)
(43.64076005, -116.21338337)
(43.64079749, -116.21346875)
(43.64081246, -116.21362468)
(43.64082274, -116.21376888)
(43.64083086, -116.21390543)
(43.64083033, -116.21402521)
(43.64082438, -116.21414642)
(43.64081771, -116.21424078)
(43.64082992, -116.21430671)
(43.64086467, -116.21441094)
(43.6409455, -116.21447496)
(43.64104123, -116.21447421)
(43.6411322, -116.21447116)
(43.64119642, -116.21446952)
(43.64125376, -116.21446616)
(43.6413032, -116.21446487)
(43.64139626, -116.21446512)
(43.64150365, -116.21446665)
(43.6415919, -116.21446585)
(43.64160782, -116.21445857)
(43.64167729, -116.2144595)
(43.64177483, -116.2144559)
(43.64188323, -116.21445179)
(43.64198392, -116.21445881)
(43.64207155, -116.21446278)
(43.64214523, -116.21445307)
(43.64222064, -116.21443374)
(43.64229738, -116.21442104)
(43.64234103, -116.21443602)
(43.64241471, -116.21445336)
(43.64254271, -116.21447195)
(43.64257826, -116.2144998)
(43.64263659, -116.21449762)
(43.64274735, -116.21448795)
(43.64287077, -116.21447979)
(43.64298092, -116.21447024)
(43.64308686, -116.21446714)
(43.64319753, -116.21444496)
(43.64329584, -116.21443468)
(43.64336904, -116.21443976)
(43.64340584, -116.21442606)
(43.64340928, -116.21437946)
(43.64347319, -116.2142481)
(43.6435417, -116.21414836)
(43.64359297, -116.21406681)
(43.64361144, -116.21398128)
(43.6435958, -116.21388209)
(43.64354405, -116.21382198)
(43.64349646, -116.2137469)
(43.64346255, -116.21365861)
(43.6434533, -116.21356253)
(43.64345223, -116.21347608)
(43.64348829, -116.21345874)
(43.64349176, -116.21340018)
(43.64348328, -116.2133363)
(43.64347104, -116.21325716)
(43.64347397, -116.2131849)
(43.64353695, -116.21312653)
(43.64359845, -116.2130915)
(43.64364776, -116.21310695)
(43.64369479, -116.21312381)
(43.64373754, -116.21313619)
(43.64378385, -116.21315353)
(43.64383027, -116.21318124)
(43.64388646, -116.21321794)
(43.6439394, -116.21324275)
(43.64399354, -116.2132444)
(43.64405361, -116.2132299)
(43.64412012, -116.21320323)
(43.64417354, -116.21315786)
(43.64421015, -116.21314483)
(43.64424086, -116.21306549)
(43.64425191, -116.21298271)
(43.6442363, -116.2129029)
(43.64421518, -116.2128418)
(43.64419103, -116.21277454)
(43.64415308, -116.21270301)
(43.64410525, -116.21264176)
(43.64405001, -116.21257632)
(43.64400695, -116.21251323)
(43.64398659, -116.21245032)
(43.64393377, -116.21239921)
(43.64387692, -116.21236694)
(43.64384289, -116.21235796)
(43.64380242, -116.21234261)
(43.6437678, -116.21226992)
(43.64371362, -116.21219935)
(43.64365337, -116.21214166)
(43.64359625, -116.21209093)
(43.64353515, -116.21202954)
(43.64348862, -116.21195783)
(43.64345663, -116.21187401)
(43.6434517, -116.21182192)
(43.64344088, -116.21175695)
(43.64340763, -116.21164207)
(43.6433546, -116.21155937)
(43.64328983, -116.21146491)
(43.64322643, -116.21139538)
(43.64316238, -116.21132215)
(43.64311214, -116.21125452)
(43.64308801, -116.21118919)
(43.64303247, -116.2110942)
(43.64297019, -116.21102518)
(43.64291382, -116.21098086)
(43.64283108, -116.21090742)
(43.64273947, -116.21083757)
(43.64266966, -116.21078113)
(43.64260462, -116.21071249)
(43.6425764, -116.21064206)
(43.64254418, -116.21059769)
(43.64250223, -116.21057316)
(43.64246185, -116.21058373)
(43.64244031, -116.21060884)
(43.64244032, -116.2106111)
(43.64245038, -116.21061339)
(43.64245333, -116.21061402)
(43.64245204, -116.21063456)
(43.64245333, -116.21063232)
(43.64245459, -116.21062843)
(43.64245252, -116.21064856)
(43.6424519, -116.21065451)
(43.64245274, -116.21065283)
(43.64244432, -116.21065416)
(43.64242647, -116.21065532)
(43.64242444, -116.21065929)
(43.64242085, -116.21066137)
(43.64241922, -116.21066204)
(43.64241835, -116.21066241)
(43.64241528, -116.21066475)
(43.64241441, -116.21066543)
(43.64241421, -116.21066639)
(43.64241443, -116.2106646)
(43.64241464, -116.21066293)
(43.64241195, -116.21066453)
(43.64241116, -116.21066502)
(43.64241561, -116.21066457)
(43.64241743, -116.21066375)
(43.64241861, -116.21066307)
(43.6424179, -116.21066206)
(43.64241767, -116.21066178)